21|5|291|18.19|7.19|20|76|2024-12-12 11:53:36.436407
21|5|140|8.75|7.19|20|51|2024-12-12 11:53:39.436722
21|5|133|8.31|7.19|20|49|2024-12-12 11:53:42.434950
21|5|106|6.63|7.19|20|25|2024-12-12 11:53:45.409502
21|5|97|6.06|7.19|20|19|2024-12-12 11:53:48.423
21|5|89|5.56|7.19|20|17|2024-12-12 11:53:51.421396
21|5|83|5.19|7.19|20|14|2024-12-12 11:53:54.421737
20|5|79|5.27|7.19|20|13|2024-12-12 11:53:57.422693
20|5|77|5.13|7.19|20|13|2024-12-12 11:54:00.427517
20|5|79|5.27|7.19|20|14|2024-12-12 11:54:03.423731
20|3|85|5.00|1.17|20|17|2024-12-12 11:54:08.421105
21|4|163|9.59|1.17|20|60|2024-12-12 11:54:11.434384
21|5|137|8.56|1.17|20|51|2024-12-12 11:54:14.432911
21|5|109|6.81|1.17|20|22|2024-12-12 11:54:17.410793
21|5|96|6.00|1.17|20|18|2024-12-12 11:54:20.426048
21|5|90|5.63|1.17|20|16|2024-12-12 11:54:23.421332
21|5|91|5.69|1.17|20|17|2024-12-12 11:54:26.419745
21|5|87|5.44|1.17|20|15|2024-12-12 11:54:29.419313
21|5|80|5.00|1.17|20|15|2024-12-12 11:54:32.418343
21|5|82|5.13|1.17|20|16|2024-12-12 11:54:35.419558
21|6|80|5.33|1.17|20|15|2024-12-12 11:54:38.425258
21|5|76|4.75|1.17|20|16|2024-12-12 11:54:41.431921
21|5|78|4.88|1.17|20|15|2024-12-12 11:54:44.436022
20|5|79|5.27|1.17|20|16|2024-12-12 11:54:47.406896
20|5|75|5.00|1.17|20|14|2024-12-12 11:54:50.406144
21|6|77|5.13|1.17|20|14|2024-12-12 11:54:53.418341
21|5|75|4.69|1.17|20|15|2024-12-12 11:54:56.423924
20|5|74|4.93|1.17|20|14|2024-12-12 11:54:59.425057
20|6|69|4.93|1.17|20|14|2024-12-12 11:55:02.418092
20|5|71|4.73|1.17|20|14|2024-12-12 11:55:05.417837
20|5|71|4.73|1.68|20|14|2024-12-12 11:55:08.417660
20|5|70|4.67|1.68|20|14|2024-12-12 11:55:11.429438
20|5|67|4.47|1.68|20|14|2024-12-12 11:55:14.429097
20|5|69|4.60|1.68|20|13|2024-12-12 11:55:17.405804
20|5|78|5.20|1.68|20|15|2024-12-12 11:55:20.403700
20|5|70|4.67|1.68|20|14|2024-12-12 11:55:23.416102
20|5|74|4.93|1.68|20|15|2024-12-12 11:55:26.417092
20|5|69|4.60|1.68|20|14|2024-12-12 11:55:29.415269
20|5|74|4.93|1.68|20|14|2024-12-12 11:55:32.415936
20|5|69|4.60|1.68|20|15|2024-12-12 11:55:35.421294
20|5|70|4.67|1.68|20|14|2024-12-12 11:55:38.420003
20|5|68|4.53|1.68|20|15|2024-12-12 11:55:41.418470
20|6|72|5.14|1.68|20|14|2024-12-12 11:55:44.430558
20|5|73|4.87|1.68|20|14|2024-12-12 11:55:47.404363
20|5|72|4.80|1.68|20|13|2024-12-12 11:55:50.408996
20|5|71|4.73|1.68|20|14|2024-12-12 11:55:53.405239
20|6|71|5.07|1.68|20|15|2024-12-12 11:55:56.418787
20|5|72|4.80|1.68|20|14|2024-12-12 11:55:59.417445
20|5|67|4.47|1.68|20|14|2024-12-12 11:56:02.414429
20|6|74|5.29|1.68|20|15|2024-12-12 11:56:05.414531
20|6|68|4.86|1.35|20|14|2024-12-12 11:56:08.415186
20|5|67|4.47|1.35|20|14|2024-12-12 11:56:11.414250
20|6|73|5.21|1.35|20|14|2024-12-12 11:56:14.427035
20|5|69|4.60|1.35|20|13|2024-12-12 11:56:17.401010
20|5|73|4.87|1.35|20|14|2024-12-12 11:56:20.401533
20|5|67|4.47|1.35|20|14|2024-12-12 11:56:23.402830
20|5|72|4.80|1.35|20|15|2024-12-12 11:56:26.413562
20|5|66|4.40|1.35|20|13|2024-12-12 11:56:29.413899
20|5|73|4.87|1.35|20|14|2024-12-12 11:56:32.412686
20|5|66|4.40|1.35|20|15|2024-12-12 11:56:35.415637
20|5|72|4.80|1.35|20|14|2024-12-12 11:56:38.413148
20|5|70|4.67|1.35|20|14|2024-12-12 11:56:41.412650
20|5|71|4.73|1.35|20|13|2024-12-12 11:56:44.413184
20|5|70|4.67|1.35|20|14|2024-12-12 11:56:47.405454
20|5|72|4.80|1.35|20|15|2024-12-12 11:56:50.402609
20|5|72|4.80|1.35|20|13|2024-12-12 11:56:53.399365
20|5|72|4.80|1.35|20|13|2024-12-12 11:56:56.421889
20|6|71|5.07|1.35|20|14|2024-12-12 11:56:59.412416
20|6|65|4.64|1.35|20|13|2024-12-12 11:57:02.411428
20|6|66|4.71|1.35|20|15|2024-12-12 11:57:05.410350
20|5|66|4.40|1.32|20|15|2024-12-12 11:57:08.410988
20|5|70|4.67|1.32|20|15|2024-12-12 11:57:11.416712
20|5|70|4.67|1.32|20|13|2024-12-12 11:57:14.412194
20|5|71|4.73|1.32|20|13|2024-12-12 11:57:17.397503
20|5|77|5.13|1.32|20|14|2024-12-12 11:57:20.397800
20|5|67|4.47|1.32|20|14|2024-12-12 11:57:23.397960
20|5|73|4.87|1.32|20|14|2024-12-12 11:57:26.402749
20|5|66|4.40|1.32|20|14|2024-12-12 11:57:29.416509
20|5|72|4.80|1.32|20|13|2024-12-12 11:57:32.412710
20|5|67|4.47|1.32|20|14|2024-12-12 11:57:35.409715
20|6|70|5.00|1.32|20|15|2024-12-12 11:57:38.409056
20|5|74|4.93|1.32|20|14|2024-12-12 11:57:41.408250
20|5|67|4.47|1.32|20|14|2024-12-12 11:57:44.409257
20|5|75|5.00|1.32|20|14|2024-12-12 11:57:47.398870
20|5|71|4.73|1.32|20|14|2024-12-12 11:57:50.398276
20|5|72|4.80|1.32|20|15|2024-12-12 11:57:53.395168
20|6|69|4.93|1.32|20|14|2024-12-12 11:57:56.395694
20|5|71|4.73|1.32|20|13|2024-12-12 11:57:59.408807
20|5|72|4.80|1.32|20|15|2024-12-12 11:58:02.408931
20|5|76|5.07|1.32|20|14|2024-12-12 11:58:05.408173
20|5|71|4.73|1.35|20|15|2024-12-12 11:58:08.413700
20|6|73|5.21|1.35|20|14|2024-12-12 11:58:11.410931
20|5|70|4.67|1.35|20|14|2024-12-12 11:58:14.407397
20|6|70|5.00|1.35|20|14|2024-12-12 11:58:17.394204
20|5|71|4.73|1.35|20|14|2024-12-12 11:58:20.394535
20|5|71|4.73|1.35|20|14|2024-12-12 11:58:23.397912
20|5|76|5.07|1.35|20|14|2024-12-12 11:58:26.395672
20|5|72|4.80|1.35|20|14|2024-12-12 11:58:29.410456
20|5|73|4.87|1.35|20|14|2024-12-12 11:58:32.406541
20|5|71|4.73|1.35|20|14|2024-12-12 11:58:35.406851
20|5|73|4.87|1.35|20|14|2024-12-12 11:58:38.405348
20|5|73|4.87|1.35|20|14|2024-12-12 11:58:41.407626
20|5|72|4.80|1.35|20|13|2024-12-12 11:58:44.406426
20|5|76|5.07|1.35|20|14|2024-12-12 11:58:47.393163
20|5|69|4.60|1.35|20|14|2024-12-12 11:58:50.392675
21|5|71|4.44|1.35|20|13|2024-12-12 11:58:53.391961
20|5|68|4.53|1.35|20|13|2024-12-12 11:58:56.392892
20|5|73|4.87|1.35|20|14|2024-12-12 11:58:59.392749
20|5|71|4.73|1.35|20|14|2024-12-12 11:59:02.404079
20|5|74|4.93|1.35|20|15|2024-12-12 11:59:05.410663
20|5|77|5.13|1.36|20|15|2024-12-12 11:59:08.407790
20|6|69|4.93|1.36|20|14|2024-12-12 11:59:11.405715
20|5|72|4.80|1.36|20|14|2024-12-12 11:59:14.403045
20|5|73|4.87|1.36|20|15|2024-12-12 11:59:17.391663
20|5|73|4.87|1.36|20|14|2024-12-12 11:59:20.397588
20|5|73|4.87|1.36|20|14|2024-12-12 11:59:23.392893
20|5|72|4.80|1.36|20|14|2024-12-12 11:59:26.391275
20|5|71|4.73|1.36|20|14|2024-12-12 11:59:29.390263
20|5|70|4.67|1.36|20|14|2024-12-12 11:59:32.402642
20|5|71|4.73|1.36|20|14|2024-12-12 11:59:35.402878
20|3|72|4.24|0.64|20|13|2024-12-12 11:59:40.402665
21|4|153|9.00|0.64|20|54|2024-12-12 11:59:43.407706
21|5|135|8.44|0.64|20|47|2024-12-12 11:59:46.404563
21|5|105|6.56|0.64|20|21|2024-12-12 11:59:49.388846
21|5|102|6.38|0.64|20|19|2024-12-12 11:59:52.388825
21|5|90|5.63|0.64|20|17|2024-12-12 11:59:55.389727
21|5|92|5.75|0.64|20|17|2024-12-12 11:59:58.394964
20|5|84|5.60|0.64|20|17|2024-12-12 12:00:01.392169
21|5|82|5.13|0.64|20|17|2024-12-12 12:00:04.388835
20|5|78|5.20|0.64|20|16|2024-12-12 12:00:07.403576
21|5|77|4.81|0.64|20|15|2024-12-12 12:00:10.401074
21|5|77|4.81|0.64|20|14|2024-12-12 12:00:13.400403
20|5|80|5.33|0.64|20|16|2024-12-12 12:00:16.400752
21|5|84|5.25|0.64|20|16|2024-12-12 12:00:19.391893
21|5|81|5.06|0.64|20|15|2024-12-12 12:00:22.387409
21|5|76|4.75|0.64|20|15|2024-12-12 12:00:25.388041
21|5|81|5.06|0.64|20|16|2024-12-12 12:00:28.387018
21|5|79|4.94|0.64|20|16|2024-12-12 12:00:31.387523
21|6|78|5.20|0.64|20|16|2024-12-12 12:00:34.386698
20|5|79|5.27|1.63|20|15|2024-12-12 12:00:37.399090
20|5|74|4.93|1.63|20|14|2024-12-12 12:00:40.399132
21|5|74|4.63|1.63|20|15|2024-12-12 12:00:43.401296
20|5|68|4.53|1.63|20|13|2024-12-12 12:00:46.399556
20|5|71|4.73|1.63|20|14|2024-12-12 12:00:49.386488
20|5|78|5.20|1.63|20|14|2024-12-12 12:00:52.386661
20|5|71|4.73|1.63|20|15|2024-12-12 12:00:55.391415
20|6|72|5.14|1.63|20|15|2024-12-12 12:00:58.388628
20|5|70|4.67|1.63|20|15|2024-12-12 12:01:01.387134
20|5|71|4.73|1.63|20|15|2024-12-12 12:01:04.385042
20|5|71|4.73|1.63|20|13|2024-12-12 12:01:07.397571
20|5|72|4.80|1.63|20|15|2024-12-12 12:01:10.396822
20|5|67|4.47|1.63|20|15|2024-12-12 12:01:13.397440
20|6|71|5.07|1.63|20|13|2024-12-12 12:01:16.397275
20|5|72|4.80|1.63|20|15|2024-12-12 12:01:19.386966
20|6|73|5.21|1.63|20|15|2024-12-12 12:01:22.383273
20|6|69|4.93|1.63|20|14|2024-12-12 12:01:25.384098
20|6|68|4.86|1.63|20|14|2024-12-12 12:01:28.383397
20|5|68|4.53|1.63|20|14|2024-12-12 12:01:31.383969
20|5|71|4.73|1.63|20|14|2024-12-12 12:01:34.392745
20|5|74|4.93|1.35|20|14|2024-12-12 12:01:37.385293
20|5|71|4.73|1.35|20|13|2024-12-12 12:01:40.400131
20|5|71|4.73|1.35|20|14|2024-12-12 12:01:43.395504
20|6|73|5.21|1.35|20|14|2024-12-12 12:01:46.394870
20|6|71|5.07|1.35|20|14|2024-12-12 12:01:49.375531
20|5|70|4.67|1.35|20|13|2024-12-12 12:01:52.387071
20|5|69|4.60|1.35|20|14|2024-12-12 12:01:55.384568
20|5|74|4.93|1.35|20|15|2024-12-12 12:01:58.388569
20|5|69|4.60|1.35|20|14|2024-12-12 12:02:01.381036
20|5|74|4.93|1.35|20|14|2024-12-12 12:02:04.381120
20|4|68|4.25|0.64|20|15|2024-12-12 12:02:09.382085
18|5|120|9.23|0.64|20|43|2024-12-12 12:02:12.394334
19|5|108|7.71|0.64|20|42|2024-12-12 12:02:15.394227
20|4|118|7.38|0.64|20|42|2024-12-12 12:02:18.398523
21|6|129|8.60|0.64|20|46|2024-12-12 12:02:21.368265
22|6|125|7.81|0.64|20|46|2024-12-12 12:02:24.381275
23|6|136|8.00|0.64|20|42|2024-12-12 12:02:27.379345
24|6|140|7.78|0.64|20|48|2024-12-12 12:02:30.386080
25|6|152|8.00|0.64|20|49|2024-12-12 12:02:33.381644
25|5|152|7.60|0.64|20|48|2024-12-12 12:02:36.379267
26|4|155|7.05|1.17|20|47|2024-12-12 12:02:41.379906
16|5|99|9.00|1.17|20|37|2024-12-12 12:02:44.392372
15|5|86|8.60|1.17|20|37|2024-12-12 12:02:47.391859
16|5|79|7.18|1.17|20|34|2024-12-12 12:02:50.391476
16|5|80|7.27|1.17|20|35|2024-12-12 12:02:53.366286
16|5|81|7.36|1.17|20|34|2024-12-12 12:02:56.378659
16|5|86|7.82|1.17|20|38|2024-12-12 12:02:59.386649
18|5|97|7.46|1.17|20|38|2024-12-12 12:03:02.377529
19|5|108|7.71|1.17|20|40|2024-12-12 12:03:05.377198
1|1|0|0.00|0.71|20|0|2024-12-12 12:04:20.957636
31|6|362|14.48|0.71|20|78|2024-12-12 12:04:23.951257
31|7|193|8.04|0.71|20|55|2024-12-12 12:04:26.950748
31|8|182|7.91|0.71|20|55|2024-12-12 12:04:29.950535
31|9|175|7.95|0.71|20|54|2024-12-12 12:04:32.955440
30|10|150|7.50|0.71|20|34|2024-12-12 12:04:35.963336
31|10|144|6.86|0.71|20|31|2024-12-12 12:04:38.967472
31|10|137|6.52|0.71|20|29|2024-12-12 12:04:41.962576
31|10|134|6.38|0.71|20|26|2024-12-12 12:04:44.937887
31|10|136|6.48|0.71|20|27|2024-12-12 12:04:47.949692
31|10|124|5.90|0.71|20|26|2024-12-12 12:04:50.954656
31|10|125|5.95|0.71|20|27|2024-12-12 12:04:53.953490
31|10|120|5.71|0.71|20|25|2024-12-12 12:04:56.950632
30|10|124|6.20|0.71|20|26|2024-12-12 12:04:59.948459
30|10|123|6.15|0.71|20|26|2024-12-12 12:05:02.948636
30|10|124|6.20|0.71|20|26|2024-12-12 12:05:05.948479
30|10|121|6.05|0.71|20|25|2024-12-12 12:05:08.961376
30|10|122|6.10|0.71|20|24|2024-12-12 12:05:11.961574
30|10|122|6.10|0.71|20|26|2024-12-12 12:05:14.935711
30|10|126|6.30|0.71|20|26|2024-12-12 12:05:17.939720
30|10|125|6.25|2.84|20|24|2024-12-12 12:05:20.947560
30|10|124|6.20|2.84|20|25|2024-12-12 12:05:23.947550
30|10|122|6.10|2.84|20|27|2024-12-12 12:05:26.948150
30|10|126|6.30|2.84|20|27|2024-12-12 12:05:29.951482
30|10|122|6.10|2.84|20|27|2024-12-12 12:05:32.949561
30|10|117|5.85|2.84|20|24|2024-12-12 12:05:35.948044
30|10|123|6.15|2.84|20|25|2024-12-12 12:05:38.962401
30|10|121|6.05|2.84|20|24|2024-12-12 12:05:41.959372
30|10|124|6.20|2.84|20|25|2024-12-12 12:05:44.939851
30|10|121|6.05|2.84|20|24|2024-12-12 12:05:47.936787
30|10|123|6.15|2.84|20|25|2024-12-12 12:05:50.948942
30|10|118|5.90|2.84|20|24|2024-12-12 12:05:53.947462
30|10|125|6.25|2.84|20|25|2024-12-12 12:05:56.945789
31|10|118|5.62|2.84|20|21|2024-12-12 12:05:59.946148
30|10|116|5.80|2.84|20|23|2024-12-12 12:06:02.945359
30|10|119|5.95|2.84|20|25|2024-12-12 12:06:05.945153
30|10|119|5.95|2.84|20|25|2024-12-12 12:06:08.957200
30|10|122|6.10|2.84|20|27|2024-12-12 12:06:11.956607
30|10|124|6.20|2.84|20|26|2024-12-12 12:06:14.931976
30|10|122|6.10|2.84|20|27|2024-12-12 12:06:17.932087
30|10|121|6.05|2.30|20|23|2024-12-12 12:06:20.945666
30|10|119|5.95|2.30|20|22|2024-12-12 12:06:23.945913
30|10|115|5.75|2.30|20|23|2024-12-12 12:06:26.945939
30|10|116|5.80|2.30|20|22|2024-12-12 12:06:29.943266
30|10|119|5.95|2.30|20|25|2024-12-12 12:06:32.943403
30|10|123|6.15|2.30|20|24|2024-12-12 12:06:35.942919
30|10|123|6.15|2.30|20|27|2024-12-12 12:06:38.942945
30|10|117|5.85|2.30|20|23|2024-12-12 12:06:41.955742
30|10|118|5.90|2.30|20|24|2024-12-12 12:06:44.931107
30|10|118|5.90|2.30|20|24|2024-12-12 12:06:47.929786
30|10|118|5.90|2.30|20|26|2024-12-12 12:06:50.930439
30|11|122|6.42|2.30|20|22|2024-12-12 12:06:53.941709
30|10|125|6.25|2.30|20|27|2024-12-12 12:06:56.942150
30|10|118|5.90|2.30|20|26|2024-12-12 12:06:59.942952
30|10|116|5.80|2.30|20|22|2024-12-12 12:07:02.942924
30|10|115|5.75|2.30|20|24|2024-12-12 12:07:05.947637
30|10|116|5.80|2.30|20|22|2024-12-12 12:07:08.945557
30|10|118|5.90|2.30|20|24|2024-12-12 12:07:11.957420
30|10|118|5.90|2.30|20|24|2024-12-12 12:07:14.929002
30|10|125|6.25|2.30|20|26|2024-12-12 12:07:17.928157
30|10|124|6.20|2.26|20|26|2024-12-12 12:07:20.933072
30|10|117|5.85|2.26|20|21|2024-12-12 12:07:23.945824
30|10|121|6.05|2.26|20|24|2024-12-12 12:07:26.945392
30|10|118|5.90|2.26|20|24|2024-12-12 12:07:29.942081
30|10|121|6.05|2.26|20|25|2024-12-12 12:07:32.940250
30|10|121|6.05|2.26|20|25|2024-12-12 12:07:35.939489
30|10|125|6.25|2.26|20|25|2024-12-12 12:07:38.940496
30|10|124|6.20|2.26|20|27|2024-12-12 12:07:41.939119
30|10|116|5.80|2.26|20|23|2024-12-12 12:07:44.927248
30|11|121|6.37|2.26|20|23|2024-12-12 12:07:47.926517
30|9|114|5.43|2.26|20|21|2024-12-12 12:07:50.926447
30|10|138|6.90|2.26|20|27|2024-12-12 12:07:53.938786
30|10|123|6.15|2.26|20|24|2024-12-12 12:07:56.939370
30|10|119|5.95|2.26|20|25|2024-12-12 12:07:59.939329
30|10|127|6.35|2.26|20|27|2024-12-12 12:08:02.944032
30|10|122|6.10|2.26|20|21|2024-12-12 12:08:05.941398
30|10|122|6.10|2.26|20|23|2024-12-12 12:08:08.939506
30|10|122|6.10|2.26|20|22|2024-12-12 12:08:11.937673
30|11|124|6.53|2.26|20|23|2024-12-12 12:08:14.925872
30|10|125|6.25|2.26|20|26|2024-12-12 12:08:17.929102
30|10|123|6.15|2.32|20|25|2024-12-12 12:08:20.927364
30|10|124|6.20|2.32|20|25|2024-12-12 12:08:23.923942
30|10|121|6.05|2.32|20|22|2024-12-12 12:08:26.937503
30|10|124|6.20|2.32|20|24|2024-12-12 12:08:29.936151
30|10|125|6.25|2.32|20|24|2024-12-12 12:08:32.936982
30|10|125|6.25|2.32|20|25|2024-12-12 12:08:35.936807
30|10|118|5.90|2.32|20|24|2024-12-12 12:08:38.935413
30|11|125|6.58|2.32|20|26|2024-12-12 12:08:41.941794
30|9|120|5.71|2.32|20|26|2024-12-12 12:08:44.923778
30|10|137|6.85|2.32|20|26|2024-12-12 12:08:47.924536
30|10|119|5.95|2.32|20|22|2024-12-12 12:08:50.923617
30|10|122|6.10|2.32|20|24|2024-12-12 12:08:53.923651
30|11|125|6.58|2.32|20|25|2024-12-12 12:08:56.936096
30|10|125|6.25|2.32|20|24|2024-12-12 12:08:59.936473
30|10|126|6.30|2.32|20|26|2024-12-12 12:09:02.936581
30|10|126|6.30|2.32|20|27|2024-12-12 12:09:05.934493
30|10|123|6.15|2.32|20|22|2024-12-12 12:09:08.934786
30|10|121|6.05|2.32|20|21|2024-12-12 12:09:11.934958
30|10|123|6.15|2.32|20|26|2024-12-12 12:09:14.922726
30|10|125|6.25|2.32|20|24|2024-12-12 12:09:17.922650
30|10|125|6.25|2.35|20|26|2024-12-12 12:09:20.920611
30|10|127|6.35|2.35|20|25|2024-12-12 12:09:23.921411
30|10|128|6.40|2.35|20|25|2024-12-12 12:09:26.921118
30|10|122|6.10|2.35|20|24|2024-12-12 12:09:29.932999
30|10|119|5.95|2.35|20|24|2024-12-12 12:09:32.934057
30|10|123|6.15|2.35|20|22|2024-12-12 12:09:35.933298
30|11|122|6.42|2.35|20|23|2024-12-12 12:09:38.933760
31|10|120|5.71|2.35|20|25|2024-12-12 12:09:41.936224
30|10|123|6.15|2.35|20|24|2024-12-12 12:09:44.921108
30|10|127|6.35|2.35|20|24|2024-12-12 12:09:47.920634
30|10|123|6.15|2.35|20|24|2024-12-12 12:09:50.919806
30|10|123|6.15|2.35|20|21|2024-12-12 12:09:53.923981
30|10|119|5.95|2.35|20|24|2024-12-12 12:09:56.919183
30|4|125|4.81|1.47|20|23|2024-12-12 12:10:01.932980
31|5|239|9.19|1.47|20|61|2024-12-12 12:10:04.936597
31|5|228|8.77|1.47|20|55|2024-12-12 12:10:07.931078
31|5|211|8.12|1.47|20|39|2024-12-12 12:10:10.930761
31|5|214|8.23|1.47|20|37|2024-12-12 12:10:13.931462
31|5|205|7.88|1.47|20|35|2024-12-12 12:10:16.920663
31|5|203|7.81|1.47|20|34|2024-12-12 12:10:19.918185
31|5|212|8.15|1.47|20|33|2024-12-12 12:10:22.917862
31|5|200|7.69|1.47|20|33|2024-12-12 12:10:25.918453
31|5|207|7.96|1.47|20|34|2024-12-12 12:10:28.917721
31|5|208|8.00|1.47|20|34|2024-12-12 12:10:31.930877
31|5|213|8.19|1.47|20|34|2024-12-12 12:10:34.935321
31|5|205|7.88|1.47|20|33|2024-12-12 12:10:37.940042
31|5|203|7.81|1.47|20|34|2024-12-12 12:10:40.930615
30|6|194|8.08|1.47|20|33|2024-12-12 12:10:43.929549
31|5|193|7.42|1.47|20|33|2024-12-12 12:10:46.915844
31|5|193|7.42|1.47|20|32|2024-12-12 12:10:49.920557
31|5|192|7.38|1.47|20|32|2024-12-12 12:10:52.918740
31|5|192|7.38|1.47|20|32|2024-12-12 12:10:55.916029
31|5|187|7.19|3.71|20|32|2024-12-12 12:10:58.916948
31|5|193|7.42|3.71|20|32|2024-12-12 12:11:01.915768
31|5|200|7.69|3.71|20|32|2024-12-12 12:11:04.927466
31|5|194|7.46|3.71|20|33|2024-12-12 12:11:07.927630
31|5|195|7.50|3.71|20|30|2024-12-12 12:11:10.926564
31|6|198|7.92|3.71|20|32|2024-12-12 12:11:13.933154
31|6|197|7.88|3.71|20|35|2024-12-12 12:11:16.915464
31|6|192|7.68|3.71|20|35|2024-12-12 12:11:19.914542
31|5|194|7.46|3.71|20|34|2024-12-12 12:11:22.914835
31|6|196|7.84|3.71|20|32|2024-12-12 12:11:25.914658
31|6|195|7.80|3.71|20|35|2024-12-12 12:11:28.920388
31|5|197|7.58|3.71|20|32|2024-12-12 12:11:31.915293
31|5|197|7.58|3.71|20|34|2024-12-12 12:11:34.929353
31|5|202|7.77|3.71|20|33|2024-12-12 12:11:37.931665
31|5|201|7.73|3.71|20|33|2024-12-12 12:11:40.925320
31|5|201|7.73|3.71|20|33|2024-12-12 12:11:43.926009
31|5|202|7.77|3.71|20|35|2024-12-12 12:11:46.919472
31|5|203|7.81|3.71|20|33|2024-12-12 12:11:49.915793
31|6|201|8.04|3.71|20|34|2024-12-12 12:11:52.914483
31|5|204|7.85|3.71|20|33|2024-12-12 12:11:55.915498
31|6|204|8.16|3.76|20|33|2024-12-12 12:11:58.912618
31|5|198|7.62|3.76|20|32|2024-12-12 12:12:01.912504
31|6|200|8.00|3.76|20|34|2024-12-12 12:12:04.924589
31|5|207|7.96|3.76|20|34|2024-12-12 12:12:07.924695
31|5|202|7.77|3.76|20|35|2024-12-12 12:12:10.924190
31|5|205|7.88|3.76|20|34|2024-12-12 12:12:13.926807
31|4|202|7.48|3.76|20|32|2024-12-12 12:12:16.911493
31|5|196|7.54|3.76|20|30|2024-12-12 12:12:19.912134
31|5|188|7.23|3.76|20|34|2024-12-12 12:12:22.911731
31|5|192|7.38|3.76|20|36|2024-12-12 12:12:25.916711
31|4|197|7.30|3.76|20|32|2024-12-12 12:12:28.919531
31|5|196|7.54|3.76|20|32|2024-12-12 12:12:31.918045
31|5|191|7.35|3.76|20|32|2024-12-12 12:12:34.910093
31|5|188|7.23|3.76|20|32|2024-12-12 12:12:37.923120
31|5|196|7.54|3.76|20|34|2024-12-12 12:12:40.922668
31|6|193|7.72|3.76|20|34|2024-12-12 12:12:43.922521
31|6|184|7.36|3.76|20|32|2024-12-12 12:12:46.914936
31|5|199|7.65|3.76|20|42|2024-12-12 12:12:49.910064
31|5|199|7.65|3.76|20|34|2024-12-12 12:12:52.909168
31|5|200|7.69|3.76|20|33|2024-12-12 12:12:55.909009
31|5|195|7.50|3.73|20|34|2024-12-12 12:12:58.908777
31|5|196|7.54|3.73|20|34|2024-12-12 12:13:01.909645
31|5|203|7.81|3.73|20|33|2024-12-12 12:13:04.914085
31|6|193|7.72|3.73|20|32|2024-12-12 12:13:07.928627
30|6|195|8.13|3.73|20|34|2024-12-12 12:13:10.931494
31|5|198|7.62|3.73|20|34|2024-12-12 12:13:13.921311
31|5|194|7.46|3.73|20|34|2024-12-12 12:13:16.895427
31|5|198|7.62|3.73|20|35|2024-12-12 12:13:19.908699
31|5|196|7.54|3.73|20|32|2024-12-12 12:13:22.907433
31|5|196|7.54|3.73|20|32|2024-12-12 12:13:25.910282
31|5|194|7.46|3.73|20|30|2024-12-12 12:13:28.909352
31|5|197|7.58|3.73|20|32|2024-12-12 12:13:31.906693
31|5|194|7.46|3.73|20|31|2024-12-12 12:13:34.906012
31|3|193|6.89|2.35|20|32|2024-12-12 12:13:41.918518
3|3|0|0.00|0.00|20|1|2024-12-12 12:13:44.919305
33|4|283|9.76|0.00|20|61|2024-12-12 12:13:49.920014
32|6|247|9.50|0.00|20|59|2024-12-12 12:13:52.894185
32|7|216|8.64|0.00|20|58|2024-12-12 12:13:55.905815
33|5|195|null|0.46|20|41|2024-12-12 12:13:58.906208
33|6|238|8.81|0.46|20|61|2024-12-12 12:14:01.909407
33|8|215|8.60|0.46|20|47|2024-12-12 12:14:04.908683
33|10|185|8.04|0.46|20|31|2024-12-12 12:14:07.905899
33|9|154|6.42|0.46|20|28|2024-12-12 12:14:10.907945
33|8|159|6.36|0.46|20|30|2024-12-12 12:14:13.904780
33|10|149|6.48|0.46|20|30|2024-12-12 12:14:16.921141
32|7|133|5.32|0.46|20|26|2024-12-12 12:14:19.916634
32|8|158|6.58|0.46|20|32|2024-12-12 12:14:22.892584
32|9|152|6.61|0.46|20|30|2024-12-12 12:14:25.891467
33|9|131|5.46|0.46|20|25|2024-12-12 12:14:28.904032
33|10|170|7.39|0.46|20|28|2024-12-12 12:14:31.904274
33|9|142|5.92|0.46|20|24|2024-12-12 12:14:34.904286
33|7|179|6.88|0.46|20|27|2024-12-12 12:14:37.902797
1|1|0|0.00|2.16|20|0|2024-12-12 12:29:21.376076
32|6|369|14.19|2.16|20|79|2024-12-12 12:29:24.353314
31|9|191|8.68|2.16|20|55|2024-12-12 12:29:27.367512
31|10|171|8.14|2.16|20|53|2024-12-12 12:29:30.363631
30|8|142|6.45|2.16|20|36|2024-12-12 12:29:33.361281
30|9|159|7.57|2.16|20|33|2024-12-12 12:29:36.362240
31|10|144|6.86|2.16|20|30|2024-12-12 12:29:39.362088
30|10|132|6.60|2.16|20|27|2024-12-12 12:29:42.364463
31|11|135|6.75|2.16|20|26|2024-12-12 12:29:45.366945
31|8|123|5.35|2.16|20|21|2024-12-12 12:29:48.374217
30|10|111|5.55|2.16|20|27|2024-12-12 12:29:51.379573
31|11|110|5.50|2.16|20|24|2024-12-12 12:29:54.347962
1|1|0|0.00|1.78|22|0|2024-12-12 13:12:53.872828
21|5|305|19.06|1.78|22|63|2024-12-12 13:12:56.880496
17|5|98|8.17|1.78|22|37|2024-12-12 13:12:59.844833
19|5|112|8.00|1.78|22|42|2024-12-12 13:13:02.845987
20|5|121|8.07|1.78|22|42|2024-12-12 13:13:05.857643
21|5|123|7.69|1.78|22|42|2024-12-12 13:13:08.858574
22|5|135|7.94|1.78|22|47|2024-12-12 13:13:11.862696
24|5|149|7.84|1.78|22|48|2024-12-12 13:13:14.858520
24|5|149|7.84|1.78|22|49|2024-12-12 13:13:17.856586
25|5|153|7.65|1.78|22|49|2024-12-12 13:13:20.857984
22|5|143|8.41|1.78|22|49|2024-12-12 13:13:23.870639
25|5|155|7.75|1.78|22|47|2024-12-12 13:13:26.869722
24|5|157|8.26|1.78|22|51|2024-12-12 13:13:29.846406
24|5|160|8.42|1.78|22|49|2024-12-12 13:13:32.844764
29|5|186|7.75|1.78|22|49|2024-12-12 13:13:35.857180
31|6|387|15.48|2.14|22|82|2024-12-12 13:13:55.522125
31|7|192|8.00|2.14|22|56|2024-12-12 13:13:58.519301
31|8|178|7.74|2.14|22|52|2024-12-12 13:14:01.517525
31|9|163|7.41|2.14|22|35|2024-12-12 13:14:04.518158
31|10|152|7.24|2.14|22|31|2024-12-12 13:14:07.520369
31|10|139|6.62|2.14|22|29|2024-12-12 13:14:10.518075
31|10|141|6.71|2.14|22|27|2024-12-12 13:14:13.530814
31|10|136|6.48|2.14|22|27|2024-12-12 13:14:16.534320
31|10|133|6.33|2.14|22|25|2024-12-12 13:14:19.504606
31|10|121|5.76|2.14|22|26|2024-12-12 13:14:22.505301
30|10|123|6.15|2.14|22|25|2024-12-12 13:14:25.517336
31|10|121|5.76|2.14|22|25|2024-12-12 13:14:28.517294
